  0.006719368   3.26249626  0.9180112067 -0.83312295   3.15518352
  0.006679842  -0.46376812  0.6213152317  0.84012220   1.24843945
  0.006640316  -0.49504950 -0.6498878474 -3.88790709  -2.58939581
  0.006561265   1.19988294 -0.3588321644 -1.05069609   0.37974684
  0.006521739  -0.98322730 -0.4798786949 -1.03530661  -1.51324086
  0.006521739   0.84696262  0.1220631265  0.16094421  -6.27400768
  0.006521739  -0.98465103 -0.9467813756 -0.96411355   1.36612022
  0.006284585  -0.17548991 -0.6276187151 -0.86533261  -0.94339623
  0.006086957   1.55288602  0.6834093165  2.12765957  -2.04081633
  0.006166008  -2.39469129 -1.6245125154 -2.56410256  -0.48611111
  0.006205534   2.92639669  1.0030419397  2.74122807  -1.74459177
  0.006324111  -5.39919586 -0.9922028660 -0.18676628  -1.34943182
  0.006245059  -2.45901639 -0.7334291137 -0.98904036  -0.50395968
  0.006482213  -1.12044818  0.7924524931 -1.70086393   0.72358900
  0.006600791   1.35347812  0.3518942013 -0.24718484  -0.57471264
  0.006600791  -1.24223602  0.0998100958  1.87224670   1.08381503
  0.006640316   0.03144654 -0.0194126782 -0.27027027   3.78842030
  0.006679842  -2.35774914 -2.8612783083 -4.44444444  -0.89531680
  0.006719368   0.83708950  1.1747710423  1.16279070  -0.34746352
  0.006679842   1.37292465  1.4933951166  0.72890384   2.85913529
  0.006798419  -1.63779528 -0.7078393205 -0.80712497  -2.57627119
  0.006758893  -2.46557797 -2.4737123507 -5.02244669  -1.80932498
  0.006798419   0.06565988 -0.4038595081  3.45642541  -4.03968816
  0.006798419  -1.24671916 -0.5972367479  2.08452313   0.44313146
  0.006719368  -0.99667774 -0.3082574226  0.64335664   3.01470588
  0.006679842   1.44295302  1.4858772230  0.13896609  -0.99928622
  0.006600791   0.79391333  1.4340187189  1.47099639  -0.57678443
  0.006719368  -1.64095832 -0.3993021206 -0.79321663   0.29006526
  0.006758893   2.80280280  0.9941309255  1.59911773   4.48300795
  0.006758893  -0.22719896 -0.1814914484 -0.27137042  -1.93771626
  0.006758893  -2.34222511 -1.1016766982 -2.34013605  -0.49400141
  0.006719368  -2.16522318 -1.8873734355 -1.89467818  -2.34042553
  0.006719368   1.63432074  1.3513762992  3.20931554   1.52505447
  0.006798419  -3.08207705 -1.5510300734 -0.13758943   1.21602289
  0.006798419  -0.10369858  0.8224247190  1.51556903  -0.63604240
  0.006798419   1.90311419  1.7975115613  2.90445168   4.48079659
  0.006837945  -0.91680815 -0.0045068188 -1.13426537   2.04220558
  0.006837945  -0.27416038  0.0459716238  0.45357524  -1.60106738
  0.006837945  -0.06872852 -0.2847128995 -0.63745020  -2.71186441
  0.006798419   5.19257221  2.2634246835  2.45923550   5.08710801
  0.006916996   3.13828048  1.9491420594  1.90451344   3.38196286
  0.006916996  -0.34865293 -0.6673368925  0.74244752  -2.62989096
  0.006916996   0.85877863  1.4509571257  2.59212198   3.88669302
  0.006877470  -1.41911069 -0.4497880062 -1.43671043   3.42422321
  0.006916996   1.95137556  0.5848609983 -0.85448605  -0.61312078
  0.006996047   0.62754942  0.3392567272  1.36882129   2.28254164
  0.007075099  -2.80636109 -0.2294009895 -0.12503126  -1.08564536
  0.007114625  -0.70580687 -0.9857753222 -2.67901853   0.60975610
  0.007075099  -1.42164782 -0.0909807727  1.02907126  -1.15151515
  0.007154150   2.06489676  1.1378616527 -0.56022409   0.06131208
  0.007193676  -0.54592164 -0.0523084311 -0.71702945   0.85784314
  0.007193676   0.16144656  0.4066749603  0.00000000   0.66828676
  0.007114625  -3.44938749 -1.5756778234 -2.75986588  -3.98310199
  0.007154150   2.10350584  0.1510613361 -3.47480106   1.19421747
  0.007154150  -1.47155003 -0.4238941045  1.12668315  -0.18633540
  0.007114625  -2.02456024 -1.4651344999 -2.20108696  -3.67143746
  0.007035573  -0.23712737  0.5848728211  0.72242290   0.19379845
  0.007075099   0.57724958  0.5349190595  0.38620690   0.06447453
  0.007035573   1.48548278  0.2455049014 -0.13740038   2.44845361
  0.006877470   0.09980040 -0.0740811755 -0.27517887  -4.59119497
  0.006956522  -5.11797940 -0.8530012036 -0.52428256  -2.30718523
  0.006956522  -1.68126095 -0.9993314332 -0.94313454  -2.02429150
  0.006916996   0.21375134  0.0835258575  1.48417810   0.55096419
  0.006877470  -0.99537860 -0.3205071293 -0.52428256  -0.61643836
  0.006798419   2.40574506  0.2280156404 -0.63800277   0.41350793
  0.006758893  -4.10238429 -0.6656061993 -1.11669458  -0.54907344
  0.006679842   2.59597806  1.1334764716  2.06098250   3.79572119
  0.006600791  -2.67284391 -2.3689261988 -9.29460581  -4.45478723
  0.006600791   2.08714756  0.6632297112 -0.57944495   2.92275574
  0.006600791  -0.43041607 -0.7614692937 -5.06134969  -1.82555781
  0.006600791   3.78242075  2.3418439073  3.90953150   5.30303030
  0.006719368  -2.04790003 -0.2038338488  1.67910448   2.02746893
  0.006679842  -0.46066619 -0.1420870816  0.42813456  -1.92307692
  0.006600791   1.49519402  0.0622515496 -0.27405603   3.07189542
  0.006719368  -2.80603297 -1.5411004559 -2.50381679  -1.83893469
  0.006640316  -2.88704439 -0.6201312476 -0.18791106   2.45478036
  0.006719368  -1.82088443 -0.7102892022 -0.90994666  -1.38713745
  0.006640316   1.36260409 -0.1518561209 -1.39328689   0.63938619
  0.006719368  -4.14488424 -1.3889397882 -1.70199101  -0.12706480
  0.006719368   1.44137125 -1.0099226996 -2.05815093  -2.73536896
  0.006798419   0.03840246  1.0765404289  2.26817879   0.91563113
  0.006837945   0.92130518  0.8858596739  0.45662100   2.72197019
  0.006798419  -2.92887029 -0.1748798851 -0.29220779  -1.45110410
  0.006837945  -3.21316614 -1.0262226156  0.29306415  -0.06402049
  0.006798419  -1.90283401 -1.9339873117 -2.30519481  -0.96092249
  0.006837945   1.77465951 -0.3020889738 -1.03024261  -1.81112549
  0.006758893  11.11111111  3.7503930481  7.18603089   2.23978920
  0.006837945  -5.18248175 -1.4547458328 -4.13533835  -0.32216495
  0.006837945  -4.00307929 -1.6793878901 -2.67973856  -0.71105365
  0.006837945   5.29270249  1.8549938862  0.67159167   2.27864583
  0.006837945   4.15079970  2.1143537820  2.36824550   1.84595799
  0.006877470  -0.21937843 -0.5659448819 -2.08536983   0.93750000
  0.006837945   1.79552950  0.6562365384  3.46089850  -0.37151703
  0.006877470   0.53995680  0.7612248800  4.53522033   0.80795525
  0.006798419  -3.61618332 -1.3293089582 -2.52307692   0.06165228
  0.006758893  -3.38038633 -1.0990218705 -1.38888889   5.11398644
  0.006719368   2.88350634  0.5685816943 -0.70422535   3.45838218
  0.006719368   2.09267564  1.0183974512  3.22372663  -0.62322946
  0.006719368  -2.85505124 -1.2086629963 -1.06183635  -1.88141391
  0.006758893  -1.73323286 -0.8553080770 -1.70454545  -0.81348053
  0.006798419  -0.53680982 -0.6411986413 -2.02312139   0.76157001
  0.006798419   1.15651503 -0.7071539629 -0.62274664  -0.75581395
  0.006758893  -3.31554878  0.6631387309 -0.19788918   0.35149385
  0.006758893  -2.91683090 -2.4795247109 -3.30469266  -1.92644483
  0.006798419   1.13682501  0.0009609102 -0.20505810  -2.26190476
  0.006798419   3.37213970  0.8849897664  0.34246575   0.18270402
  0.006798419   0.46601942 -1.9763787027 -2.83276451  -1.21580547
  0.006758893   0.15461925 -0.1574114561  3.09097295  -1.16923077
  0.006758893   1.62099575  0.3123996380 -0.85178876   1.43212951
  0.006758893  -0.49373338 -1.6628829773 -1.82130584   0.18416206
  0.006758893   5.64885496  0.6570639305  3.22016101  -0.85784314
  0.006719368  -2.38439306 -1.0487522788 -1.66158020  -1.17428925
  0.006640316   1.92450037 -0.2268314909 -0.48275862  -3.56472795
  0.006600791   0.76252723  2.8691413424  2.73735274   2.91828794
  0.006679842   0.57657658  0.0936139823  2.09106239   3.46565848
  0.006679842  -2.93801505 -1.6535858226 -2.57680872  -2.61875761
  0.006600791  -0.47988188 -1.3431504230 -2.13631740  -4.56535335
  0.006679842  -3.33827893 -1.7042800783 -2.52945253  -1.31061599
  0.006640316   3.56868764  0.3619305659  2.23960185   2.12483400
  0.006679842  -2.22304557 -1.6701587557 -2.36439499   1.23537061
  0.006679842   2.23569534 -0.2673796791  2.70655271  -1.86255620
  0.006561265   1.03780578  1.6732920403 -1.52565881   1.57068063
  0.006561265  -3.70506236 -2.1387727061 -2.04225352  -2.96391753
  0.006640316  -2.32380952 -2.1225416817 -1.22214234   1.52722444
  0.006640316   0.78003120  0.6223037897 -0.72780204  -2.87769784
  0.006640316   5.80495356  3.6729944758  6.41495601   2.49158249
  0.006640316  -3.51133870 -1.2183654692 -0.86117809  -3.41655716
  0.006679842   0.53070508 -2.4719032119 -3.85684503  -0.27210884
  0.006640316  -1.80995475 -3.3961986923 -4.40910734  -7.43519782
  0.006679842   1.26728111  0.7496170435  1.09640832  -5.74797347
  0.006640316  -1.97193781 -0.6448343164  4.56245325  -4.30023456
  0.006600791  -0.11605416 -0.3755195954 -1.21602289   1.47058824
  0.006600791  -1.08443067 -1.8509036637 -2.46198407  -2.33494364
  0.006600791   1.48786218  0.5660754323  2.52412769   0.16488046
  0.006679842  -1.73611111 -2.7018674672 -1.95510500   2.30452675
  0.006679842  -3.02316451 -3.8352466083 -4.24667651  -3.29847144
  0.006600791  -4.12955466 -3.2910645827 -3.23949094  -0.91514143
  0.006600791  -9.45945946 -2.7017137281 -3.34794739  -1.42737196
  0.006561265   7.46268657  5.7327316034  6.96907216   4.42930153
  0.006482213  -7.33506944 -0.5631765529  0.46260601  -0.57096248
  0.006561265   5.85480094  1.6883674345  4.29777437   0.32813782
  0.006521739   6.41592920  5.4078138924  9.52906549   4.17007359
  0.006640316  -0.33264033  0.4249354810  3.79576755   0.54945055
  0.006640316  -0.25031289  0.9791975897  1.87702265   2.81030445
  0.006561265  -4.64240903 -2.9573725895 -2.47776366  -3.11313591
  0.006482213  -2.93859649 -2.3082314109 -6.05863192  -4.62382445
  0.006284585  -0.94893809 -3.4296028881 -4.05686546  -5.50534100
  0.006324111   3.83211679  2.9918523844  4.77050958   3.39130435
  0.006363636   3.11950791  2.0010005003  3.72542256   1.00925147
  0.006166008   3.87729016  3.2722378731  3.89092118  -2.99750208
  0.006245059  -1.64068909  0.3512027036  1.40845070  -0.60085837
  0.006245059   0.75062552 -0.5326642014 -0.47348485  -1.72711572
  0.006442688  -2.93874172 -2.1675149369 -4.02790993  -1.75746924
  0.006324111   5.67164179  4.0047047647  3.07336418  -0.71556351
  0.006324111   0.56497175  0.9949761858 -1.09009298   0.36036036
  0.006284585   4.01284109  2.3611873769  4.24635332   6.46319569
  0.006403162  -1.85185185 -1.3958136110 -1.95895522  -1.85497470
  0.006245059   2.43710692  1.2726283563  0.15857913   0.77319588
  0.006324111   1.80353031  1.4051571585  1.23495883   1.44927536
  0.006363636  -1.88465888 -2.2686195076 -1.37629027  -3.19327731
  0.006403162  -0.23050327  0.7535658865 -0.53916905   2.51736111
  0.006403162  -2.42587601 -1.3850941505 -0.38265306  -1.60880610
  0.006482213  -2.88082084 -1.8131832866 -2.04865557  -2.15146299
  0.006482213   2.43803332 -0.0076263523 -3.00653595   0.00000000
  0.006482213  -2.97500992 -0.1884942253 -0.67385445   1.23131047
  0.006482213  -4.21095666 -4.1536127152 -5.59701493  -7.03735882
  0.006363636   2.56081946  1.7516685269  0.82644628   0.93457944
  0.006284585  -4.78568456 -1.5950302216 -2.42337847  -3.24074074
  0.006245059   4.15209790  1.6800318489  1.05916728  -4.59330144
  0.006403162   1.84641209  1.0112761768  1.69859053   5.91775326
  0.006482213   2.26617223  0.7331443253  1.03056148   0.94696970
  0.006442688  -2.45769541 -0.0142923107 -0.24621878   2.34521576
  0.006521739  -2.93267245 -2.4784210237 -3.45557123  -2.38313474
  0.006521739   1.61702128  0.3269779346 -3.39663988  -2.25352113
  0.006521739  -1.29815745 -1.8307279082  2.38185255  -1.63304515
  0.006561265   0.97581672 -0.4647861526 -1.25553914  -2.05078125
  0.006482213  -1.17647059 -3.0064637821 -2.91697831  -3.78863410
  0.006403162   0.55272109  0.2454584262  0.77041602  -1.03626943
  0.006363636  -4.69344609 -1.3827937402 -1.33792049  -1.15183246
  0.006403162   0.93167702 -1.7284394866 -1.89848896  -3.28389831
  0.006363636   1.89010989  2.4862991126  4.97630332   6.79079956
  0.006403162  -0.64710958  1.8209751566 -2.25733634   1.33333333
  0.006403162  -2.08423795 -3.2259196444 -7.27482679  -4.65587045
  0.006324111  -3.32594235 -1.4612567533  0.74719801   1.69851380
  0.006047431   5.68807339  4.0023059562  6.30407911   1.04384134
  0.006126482  -1.34548611 -2.3587409041 -5.34883721  -5.78512397
  0.006086957  -1.75978883 -1.0822432390 -0.73710074  -1.75438596
  0.006047431  -2.32870578 -2.2431161854 -2.47524752  -5.46875000
  0.006205534   0.64190738 -1.9111144420 -4.39932318  -1.88902007
  0.006245059   2.14123007  1.6898431133  1.72566372  -8.78459687
  0.006205534  -2.23015165 -2.7286957611 -5.78512397  -7.78364116
  0.006047431   5.47445255  3.4965755188  2.72391505   6.29470672
  0.006086957   5.36332180  3.9058612797  7.14606742   9.42126514 
  0.006126482   0.86206897  0.7326533544  0.58724832  -4.67404674
  0.006086957   6.06430606  4.7335520061  7.58965805  11.87096774
  0.006403162  -3.60706063 -2.4112927934 -2.28682171  -6.80507497
  0.006403162   0.71656051  2.2301806935  5.03768346   2.72277228
  0.006442688   4.70355731  0.5903093722 -0.90634441  -2.65060241
  0.006442688  -1.20800302  1.7333981614  1.86737805  15.59405941
  0.006561265  -1.60489110 -1.0625527942 -0.29928919  -1.60599572
  0.006561265   2.95145631  0.6717893412 -0.60037523  -2.39390642
  0.006482213  -3.69671822 -1.5220836030 -3.35975840  -3.45596433
  0.006403162   2.85938112  1.7167138810  0.93750000  -1.50115473
  0.006324111  -1.40898705 -0.8266027962  0.03869969   0.58616647
  0.006126482   0.23174971 -0.9076306123 -1.54738878  -4.89510490
  0.005810277   2.00385356  0.9703565153 -2.71119843   2.08333333
  0.005810277   0.68001511 -0.5557364350  0.40387722   0.48019208
  0.005612648  -0.86303940  1.7160404624  2.97666935  -0.35842294
  0.005533597   5.82891749  0.8202361925  1.91406250   1.55875300
  0.005573123   1.03719599  0.7750316508  0.00000000   4.01416765
  0.005494071   0.60176991  0.9143643693  0.38328862   4.99432463
  0.004782609  -1.75932442 -2.2852255997 -1.83276060  -5.83783784
  0.004743083  -1.64756447 -0.8763086468 -3.88953715  -0.68886338
  0.004743083  -2.25782957 -2.0732279768 -3.52084176  -2.77456647
  0.004743083   1.22950820  0.7715221584 -1.51006711   1.54577883
  0.004703557   1.54582260 -0.0475678124  1.02214651  -1.28805621
  0.004703557   2.93584632  2.4633723499  1.68634064   3.32147094
  0.004703557  -0.52816901  0.6148606058 -2.61194030  -1.72215844
  0.004743083  -1.45132743 -1.0408537859 -1.06428267   1.75233645
  0.004743083  -1.79597701 -0.4020613977  1.24784854  -2.87026406
  0.004703557   3.21872714  1.9414769052  3.78240544   4.49172577
  0.004743083   2.16158753  2.1451621725  8.27190827  15.49773756
  0.004743083   0.65903573 -0.3437714188 -1.51285930  -1.07737512
  0.004743083   0.00000000  0.2493149213  1.34408602   6.63366337
  0.004743083  -2.27429359 -2.0967551749 -1.70519136  -0.55710306
  0.004743083   2.08039492  2.7986116434  3.04548959   1.86741363
  0.004782609  -0.69084629 -0.2726682075 -0.11223345   3.20806599
  0.004743083   0.00000000 -0.1901079771  0.29962547   0.62166963
  0.004782609  -1.70434783 -1.4745380031 -1.64301718 -12.97440424
  0.004743083  -0.28308563 -1.5422210155 -3.56871678   0.60851927
  0.004703557  -2.12916962  0.6265512106  0.98425197  -1.41129032
  0.004664032   0.25380711 -2.2176424805 -2.10526316  -4.39672802
  0.004743083  -3.50813743  1.3957399103  1.67264038   1.81818182
  0.004703557   0.89955022  0.0563878600  0.82256169   0.63025210
  0.004664032   1.18870728 -0.3734971711 -0.93240093   1.77453027
  0.004664032  -0.88105727 -1.3420883338 -1.52941176  -1.53846154
  0.004703557  -3.07407407  2.3519359626  3.62405416   2.50000000
  0.004743083   3.74474589 -0.8139279438 -1.61414297  -0.60975610
  0.004703557  -0.22099448 -1.3145217555 -1.28906250  -1.73824131
  0.004664032  -1.51347361 -0.7709399407 -1.02888801   0.72840791
  0.004664032  -0.78710645  1.3016680803  2.15913635   0.00000000
  0.004664032  -0.15111447  0.1808520139 -0.86105675  -1.54958678
  0.004584980   1.81611805 -0.5471483652 -1.53967627  -0.31479538
  0.004584980  -0.33444816 -0.3148565218 -0.12028869   2.00000000
  0.004545455  -0.78299776 -1.6028595194 -1.64592533  -2.16718266
  0.004466403  -0.78917700  0.4557916381 -0.77551020   0.21097046
  0.004584980  -0.41666667  0.0488975312 -0.61703003  -3.15789474
  0.004664032  -1.97793838  3.3199972722  4.63576159   6.95652174
  0.004703557   3.88048118 -0.0484032430 -0.31645570  -2.64227642
  0.004703557   0.14942099  2.2474383385  2.53968254   3.96659708
  0.004664032   1.82767624 -0.6544601242 -0.58049536   0.60240964
  0.004624506   1.86813187 -1.4085575287 -1.51810043  -1.09780439
  0.004624506  -2.80474649  1.9386106624  1.54150198   2.11907164
  0.004664032   2.92267851  0.0000000000 -0.93421565   2.66798419
  0.004624506   0.17972682 -0.1412292334 -0.03929273   0.76997113
  0.004624506   0.82526014  0.5829896573  0.27515723  -0.47755492
  0.004624506   1.03202847 -1.4425863512 -2.03841631  -2.20729367
  0.004624506  -1.23282846 -0.3942410316 -0.64025610   1.27576055
  0.004584980  -1.60485021 -1.4017056637 -0.60410793  -2.61627907
  0.004545455  -7.03153316 -1.5702277717 -3.28200972  -0.19900498
  0.004545455  -0.27290448 -1.0432392240 -2.13657310  -3.88833500
  0.004505929  -0.62548866  1.0223598525  1.71232877   2.80082988
  0.004505929   2.51770260 -2.9233439268 -3.70370370  -2.62361251
  0.004466403  -4.64313124 -1.6159739958 -0.04370629  -2.90155440
  0.004505929  -1.36820926  1.3050455468  0.43725404   1.06723586
  0.004545455  -0.73439412  0.6778950311 -0.52242055  -0.84477297
  0.004545455   2.26058364 -2.2849275765 -2.10065646  -4.04685836
  0.004545455  -3.37620579  1.3130320503  2.63746089   1.10987791
  0.004545455  -1.62229617  0.5399088466  2.17770035   0.98792536
  0.004545455   2.32558140 -1.4087781291 -2.51491901  -2.06521739
  0.004545455  -2.56198347 -0.5435038906 -0.21862702   0.88790233
  0.004545455  -0.76335878 -0.6448630259 -0.48203330  -1.10011001
  0.004505929   0.98290598 -1.0093658653 -0.83663584  -2.11345940
  0.004505929  -1.73508252  0.7569092071 -0.31083481   1.70454545
  0.004545455   1.67958656 -0.8098376736 -0.57906459  -1.11731844
  0.004545455  -1.94832698 -1.2686927159 -1.12007168  -1.12994350
  0.004545455   0.00000000 -0.1600136806 -0.36248301  -3.54285714
  0.004545455   1.16630670  2.1434601221  1.40973170   2.96208531
  0.004545455   2.77540564  1.9499574794  1.92825112   2.76179517
  0.004545455   3.36518488 -0.7096114760  1.93576771  -1.23180291
  0.004584980  -1.40675241 -0.9501496811  0.00000000  -1.92743764
  0.004584980  -1.58988993  1.3224226496  1.89900734  -2.42774566
  0.004624506   2.02982601 -1.8380749142 -1.60948751  -1.77725118
  0.004624506  -2.27365002  0.7194503831  2.41067585  -2.53317250
  0.004624506   0.49854591 -1.3141419321 -1.76544767   0.37128713
  0.004664032  -2.39768499  1.1757597728  2.26786478   2.71270037
  0.004664032  -0.12706480  0.4622109689  0.62761506  -0.12004802
  0.004624506   0.50890585 -0.7537300125 -0.62370062  -3.00480769
  0.004624506  -0.67510549 -1.5356787772 -2.09205021  -4.08921933
  0.004584980  -1.99660153  0.9562160124  1.70940171   0.25839793
  0.004545455   1.60381448 -0.9339037175  0.63025210  -3.99484536
  0.004545455  -0.72525597  0.8259335847  1.46137787  -3.08724832
  0.004347826   1.24623979 -2.5829724089 -2.88065844  -3.18559557
  0.004189723  -2.58913413 -0.8359340169 -1.05932203  -5.57939914
  0.004189723  -0.65359477  0.4321057035  1.92719486   7.27272727
  0.004229249   2.58771930  3.4457031299  5.92436975   0.70621469
  0.004347826   5.47242411  0.1646832552  1.74533915  -5.18934081
  0.004347826   0.77016619  3.5426692429  2.41715400   6.36094675
  0.004426877   4.30410298  0.4242051948  0.49486106   5.00695410
  0.004426877   0.42421905  0.8736799585  2.19696970   1.05960265
  0.004466403   1.07526882  0.1887828654 -0.48183840  -1.70380079
  0.004505929  -0.26595745  2.2976692133  4.28305400   6.93333333
  0.004584980   1.21904762 -3.5231471662 -4.53571429  -5.73566085
  0.004545455  -4.81746330  1.2161114518  0.93527871   0.92592593
  0.004545455   0.79082641 -0.5475912843 -1.40845070   0.26212320
  0.004545455  -0.94154570 -0.1643772631 -0.60150376  -0.91503268
  0.004466403  -0.83168317 -0.5779947497 -1.55068079  -2.24274406
  0.004387352  -1.47763578 -1.7741748697 -2.03611218   1.48448043
  0.004308300  -1.86461289  1.2143648754  2.47058824  -0.53191489
  0.004347826   0.57827344  2.6115925822  3.52085725   3.60962567
  0.004347826   5.62628337 -0.5051651720  1.84842884   1.67741935


