
 0.800   30.6  0.950   31.5  0.910   33.3  0.950   45.9  1.200   47.4
 1.000   48.9  1.180   51.6  1.000   53.1  1.380   54.0  1.250   54.3
 1.500   55.2  1.200   55.2  1.600   56.7  1.650   57.9  1.600   58.5
 1.680   59.7  1.500   60.9  1.780   60.9  1.790   62.4  1.900   63.0
 1.760   64.5  1.850   66.0  1.800   66.3  1.700   67.5  1.370   68.4
 2.000   68.4  2.000   68.7  2.100   69.6  2.050   70.5  1.990   74.7
 2.150   75.0  2.050   75.3  2.200   79.8  2.200   80.7  2.180   80.7
 2.250   83.4  2.400   84.0  2.350   86.1  2.500   87.0  2.560   90.3
 2.500   96.0  2.500  101.4  2.680  105.9  2.210  111.3  2.750  112.5
 2.500  114.0  2.400  115.2  3.100  117.0  2.100  129.0  4.000  165.0