1 1.96257980726190 13.7005282497481
1 1.04782670550306 14.7865172996165
1 1.00813109687590 15.2676748345907
1 0.93202839722287 15.4984397558837
1 -1.04670435628423 15.5939274009219
1 2.257980444122 15.6951891475707
1 -0.175926126046608 14.1308797612499
1 0.870555839721880 15.3120815379105
1 0.690383681288339 14.4488456440298
1 1.69837504147357 15.1028349557612
1 2.02968138002614 14.0587756494127
1 3.5797146715567 12.8547236713670
1 -0.909118540166219 15.4562704832492
1 3.37654271061360 14.2461700457272
1 2.99930148596296 16.6443598105921
1 2.45961345605933 14.9284193389578
1 1.28454001012213 13.0883871035862
1 -2.35183913743705 15.7375129300098
1 -0.605392322838742 14.9399596215254
1 1.01388968472521 15.3936013454763
1 0.679089325773331 15.8150561599578
1 1.63407860108658 14.7340845398930
1 0.948802537327476 14.6550645938388
1 0.725966761774697 14.4960641010943
1 -0.0899482021198885 14.8558752297075
1 -0.918287642300452 14.2901126488617
1 3.43400029448819 15.3703157169187
1 1.27123279436953 13.9939407741017
1 0.246892953377415 13.3875803344358
1 0.582662117320706 14.1034918796222
1 -0.449397245564026 13.5092178795976
1 2.21168385664659 15.2514736082257
1 2.34119843034372 16.3332547166120
1 0.981064049329684 13.1858270178990
1 -0.510229074962948 15.0315103639882
1 -0.132096640585918 15.8053654530659
1 -0.469286435189544 16.5093238798730
1 0.42668678748915 14.6687447158690
1 1.95209531795844 17.4784938367972
1 1.96477223900138 13.4841991084658
1 2.32695681905632 14.1963513339026
1 -0.260658266604560 15.2536002413517
1 0.326582690100331 15.0761882409115
1 2.25267623060168 14.8790729791344
1 1.40946381015562 14.3573999443983
1 0.08216064251567 15.0424113356985
1 -2.44524232331429 13.5160604217739
1 4.05659143455183 13.5984293066645
1 0.586653754207467 13.9571362149214
1 1.44291951634571 13.9830310955522
1 4.56981533635247 13.8857336601113
1 0.990271147358327 14.9761612456238
1 -0.741043687705498 14.9252122710668
1 -0.0878479052481813 13.3328899677238
1 1.18646428210661 14.9121401731050
1 1.95699542249919 13.9178375823064
1 0.589849100303093 14.5307095140242
1 2.60127499537384 13.7781378247656
1 2.34197360502928 14.4292608207264
1 1.50425889882932 13.8403291368424
1 1.12862778106944 15.176656570969
1 0.460449596511148 16.2836831772008
1 1.67295962823181 14.8908477508615
1 2.5163770352938 16.2091095166476
1 1.59798787063455 15.1260545659575
1 0.952384523809794 14.9137604247206
1 -0.0761174756193752 15.7899851297699
1 -0.339686633098019 14.2208389064196
1 -1.01156866881382 14.2056218001668
1 1.04657202154738 14.8975304414633
1 0.350305498051753 15.7770035674428
1 -0.518284252704671 15.1562405789449
1 0.99339732530249 14.6078411823254
1 1.39702830887087 15.0045139325703
1 -0.234591802182294 13.6614316816161
1 -0.60035710529421 14.8085833715671
1 -1.66981751347246 14.2757219516788
1 1.49199622912559 14.1456382838265
1 0.416202390179847 14.0173279166013
1 0.171587294375552 16.6320258942605
1 2.1550004703423 14.2972457033377
1 1.51817252406904 16.5639955604699
1 1.16463404107680 15.3986025103370
1 1.35702683364064 15.4719769987576
1 2.48778055105717 15.6503823030994
1 -0.486518612515222 14.5104112320046
1 -0.153941550265378 16.4575188686580
1 3.13429869720028 13.9231062156863
1 3.07877107341771 14.3946483299899
1 0.700656098345674 16.6756667726934
1 0.296517754716768 13.5372239549069
1 0.476726244988835 14.2852732996054
1 0.974204528072325 12.9307782472518
1 1.84989593903600 12.6653262036002
1 0.478102469167003 14.9036101784359
1 0.859390295062853 15.3559092712207
1 2.51610289343218 15.1536421072778
1 1.73382436537972 14.1451097745339
1 -1.18234942911462 16.5316508547271
1 1.02158434482665 15.053800649086
