1 1.53924520884018 4.87495904262972
1 1.63981598968278 3.10898733054239
1 -0.97000471996393 5.25015420770701
1 -0.144383312139941 5.30199173029782
1 2.78709149044435 3.61513761596707
1 -0.567673962363021 5.10367158117796
1 -0.937608372063465 6.06976268970865
1 0.460211273799283 5.00542189630265
1 1.41264675353297 5.57587639228642
1 1.40195333458013 5.35836627971401
1 -0.979737703927736 3.77602467011963
1 2.09940712632164 4.64574195595773
1 1.32259160722618 4.45143355074787
1 -0.167625419008707 5.27867165615644
1 0.95656622615098 4.14159540808767
1 0.0313957590884412 3.49940708675156
1 2.28005207372734 5.60669635857317
1 -0.548170372345849 4.49483874758582
1 -1.57854402593147 6.65992944426847
1 1.16965624078399 4.23325666861060
1 1.09774318545765 1.97336682619894
1 2.50937909460901 4.63284848916624
1 1.40583369205826 4.26723783361816
1 2.28178238975748 5.09463888688335
1 -0.894804524162166 3.94574996429682
1 1.81945981031543 6.52205289509225
1 1.80291801327084 5.14038770365617
1 -1.60374588553127 7.37475307086594
1 0.99099008854727 4.22792403042061
1 -0.710822080563616 3.87206750779205
1 0.309660818392828 5.40951145152268
1 2.39374232888093 4.36164646438723
1 -0.155374260793398 5.69240800968025
1 -0.475101967110731 4.80160553793356
1 0.743110421130648 3.49765642782629
1 1.23373049597694 5.54617373536632
1 -1.14103235364353 3.78310701168089
1 0.745303467564514 6.91620319987631
1 1.11490631049474 5.03300063030016
1 -0.272471244231544 5.75250072047502
1 -0.446867795388159 3.25000277110763
1 3.7289766884782 4.36971151265678
1 0.804255229534809 6.70751756576539
1 -1.78741165343149 5.13057176316495
1 0.306769553731842 5.12667662220972
1 -1.6210294046918 6.08560579554217
1 0.434165676275716 4.70300167528348
1 -0.217469761522657 5.21908369222798
1 2.04002350864340 4.9868613052013
1 0.64328246334315 4.49429705750579
1 2.09435699657728 5.45413575947372
1 0.5681259099962 6.43258566501587
1 -0.231215954312653 5.26419412728536
1 -0.874630049098256 6.48675551754268
1 1.71218859297483 5.08211928137107
1 -0.77407138292336 5.54376257331268
1 -0.0702116175803569 6.74034756834917
1 0.573262640641277 5.66383611354545
1 2.29014775006744 5.25083371521639
1 -1.49998825751828 5.46169541428688
1 -1.36939611631906 4.82975746397514
1 2.31009915998314 3.68213816187801
1 1.66674095969447 3.56162619180654
1 1.6689108917629 6.56676123461015
1 2.92497005064831 5.59593348482704
1 0.204064718658924 4.55560179583938
1 1.26308715005919 6.86729206659449
1 0.0987916114593675 3.14969007441343
1 0.710006310970966 4.76292400517376
1 1.41623788330391 5.77305130333339
1 -0.607171872803157 5.22455785776429
1 0.75055094192505 2.50900364749148
1 0.178816320601575 4.44047696229974
1 -0.34016824153091 4.43808586453884
1 5.75854468578137 4.95432640959576
1 1.19800087940737 6.48909451546434
1 0.389571123099084 5.17172412201088
1 2.57456968866002 4.65844354319974
1 3.17705098386513 3.87201878361579
1 1.6376940387091 4.93815394508431
1 -1.55709363207887 5.4168009720482
1 0.0803830259251079 5.4604698802141
1 -0.362878108261325 4.20071133046452
1 1.92586158104359 5.70129821551732
1 0.670882523547827 7.24538139359094
1 -0.52174522799069 3.67364628185117
1 1.55370870714175 4.68556409633979
1 0.752122398082434 4.19761392190938
1 1.35044259849725 5.02184199962653
1 0.00332642239211567 3.42978358012548
1 2.83338675528507 6.58077054292854
1 -1.99067471584827 3.72148639619404
1 0.0808849981281626 4.89546238744392
1 1.77507924065729 4.90750529202256
1 1.22233052005776 5.22652323531417
1 0.85632893980217 4.37157741038957
1 -1.04577045564857 4.37750399239608
1 1.16895954084632 4.2875320606637
1 -2.75333539474234 6.6452189894481
1 1.66507137307525 4.62206093737812
