17.1006632546029
0.492555907511026
-0.444033260925936
-1.55025893734094
-4.46250449686951
22.0665044125354
-6.67961954751335
-2.05299034830231
-3.01431561936587
10.4311865063012
18.2418664349428
65.9302026652151
-5.40401018568463
57.168606860358
42.1453615887549
27.9425660737781
5.30263346108928
14.9705926579945
-6.6142054674506
-0.492008586035237
-4.39010353870701
9.57530052091197
-0.571542263203982
-2.73511471026088
-7.29692281325564
-4.25085908848788
58.1919130832359
4.26731333611973
-4.99468633908315
-3.59426951241686
-5.79485069078835
21.3542976422558
23.5483957914572
1.16787696718288
-7.04015128055763
-8.22196165394343
-8.542822654052
-5.21934404741496
13.3400486526679
17.3485136888282
25.1841874762470
-7.71038755822364
-6.17662503188698
22.6989862093327
6.05873432146346
-7.13346456093227
19.0933836694656
84.4043781907507
-3.42702463578584
6.95073612026338
107.300820012090
-0.385974537842652
-5.95851902934239
-5.8797655934655
2.20145151260142
16.7784799778460
-3.93513720041409
32.8806532941381
25.3481463689003
8.10974956582277
1.16936082764506
-6.5125512551702
10.1497878733867
28.2699848727505
8.5541660736427
-0.771525665930761
-8.15387484401803
-6.66856871162775
-3.45876549148649
0.373374040091278
-6.70426945212087
-7.13130388480387
-0.00529685030187776
5.25633424877475
-6.24087206075691
-6.51194734257131
3.98465599168463
7.61802424112773
-4.67850671567008
-8.33031020010528
20.8929572837809
5.80381994951948
1.44680457921081
4.18871625670049
28.0209344951075
-6.6250802476397
-8.84612951783078
49.0981825727624
46.8239069231684
-5.00580915788649
-4.89913133018536
-4.53625207889328
1.32261350171771
15.6839086402080
-5.10289190752619
-2.21286991609298
29.2506734374592
12.0026425715309
-4.10132207325237
-0.0808285973218408
