1.32503807679944
3.51512366104040
-3.92814551375595
-2.83107451700023
5.37891926677281
-1.10340417731329
-3.97643078261656
-0.546589902499262
0.820932537365684
-0.66598587497818
-4.57592733183979
-1.35902401926989
-5.36430725604101
-8.34525991299949
-4.24331913555615
-4.40433872785123
-4.00835355846664
-8.13518137877688
-13.2140053391249
-5.45030241412337
-5.29898542941443
-5.14317531294471
-8.42995232489055
-7.40365478243977
-13.0605973545342
-9.46256641083783
-6.00042162630705
-14.7716921093837
-4.85072478978018
-7.1493778359428
-6.9455497981524
-1.13141531598006
-7.0678731200983
-6.40646330552757
-3.26835961914348
-4.48174926124234
-9.06563511533722
-9.14709895633861
-6.92891479493849
-10.1410362119890
-7.74139152446232
-1.41173329925697
-9.45280649416042
-11.5887490166987
-7.70367526210847
-13.7261413522486
-9.12390365885771
-8.660790990496
-2.62530084023182
-5.15867914718023
-5.27628986394542
-9.03263055008521
-9.15037079281022
-12.0461698054600
-4.72580219588084
-7.85455938172216
-7.37515827009597
-2.80455685631273
0.424075128087681
-7.75229882850914
-6.99320895176534
1.44112376390759
1.03740103953203
-0.41177994140437
4.78660857620458
-0.428064769946707
-0.807730021892595
2.66759810585220
1.27925756859290
1.19235197199320
-0.348309358950844
4.24547690465539
-0.767535976985869
-0.627440227870367
9.8674021354478
-2.27560560312816
-3.65533229238813
0.662823062059152
4.08845368803947
-1.24401224697804
-8.85924951260782
-4.74697060849865
-3.97160990660588
-2.15310534027379
-5.07713860197648
-3.09594348420461
0.347305614623373
-1.16086140868323
-2.29561091080252
-4.19726005023457
-2.61392255098357
-8.70191281049295
-5.09229737376656
-0.819643131795654
-0.90447935600138
-0.517555697409254
-4.30535886088104
-0.605502311001325
-10.7061700984409
0.584656317571453
