22.1   1     1     26.7      0      1
31.3   0     0     24.4      0      1
33.8   1     0     29.4      0      0
33.7   1     1     26.0      0      0
23.1   1     1     24.2      1      0
26.8   1     0     29.7      0      0
32.3   1     0     30.2      0      1
31.4   1     0     23.4      0      1
37.6   1     0     42.4      0      0
32.4   1     0     25.8      0      0
29.1   0     1     39.8      0      1
28.6   0     1     31.6      0      0
35.9   0     0     21.8      1      1
30.4   0     0     24.2      0      1
39.8   0     0     27.8      1      1
43.3   1     0     37.5      1      1
32.5   0     0     27.9      1      1
28.7   0     1     25.3      1      0
30.3   0     0     31.3      0      1
32.5   1     0     34.5      1      1
32.5   1     0     25.4      0      1
21.6   1     1     27.0      1      1
24.4   0     1     31.1      0      0
46.7   1     0     27.3      0      1
28.6   1     1     24.0      0      0
29.7   0     0     33.5      0      0
29.6   0     1     20.7      0      0
22.8   0     0     29.2      1      1
34.8   1     0     30.0      0      1
37.3   1     0     26.5      0      0
