   R       0.41      50      6
   R       0.58      48     16
   R       0.71      46     24
   R       0.89      49     42
   R       1.01      50     44
   D       0.71      49     16
   D       1.00      48     18
   D       1.31      48     34
   D       1.48      49     47
   D       1.61      50     47
   D       1.70      48     48 
   M       0.40      47      7
   M       0.71      46     22
   M       1.00      46     27
   M       1.18      48     38
   M       1.31      46     43
   M       1.40      50     48
