0.509030040788448
1.78384189470838
1.82399220975253
2.21014205899460
1.95103451330049
1.53687332010298
5.7707921016637
-0.925401292890354
0.814860154843555
0.0296639039018904
2.09745942848422
0.37055373148866
0.924601919555237
0.781973293283892
4.96370020164037
0.66226497661897
0.728609966059422
1.27244784586356
2.11061650707238
-0.751557447732107
1.86845343292469
0.780919167724797
-1.53618852133608
-1.9906386062489
0.355665141592648
3.36536309891223
-1.53823660569378
1.01322095598693
-0.688979343006428
3.55909434878822
1.23160185655392
-1.53323167249137
0.702960017837605
0.591509005991656
-0.850418433606067
-0.896425625148202
1.28307043770791
2.31581794857301
2.02379556776757
-4.20404740090081
1.56770858146471
2.36745080826261
3.12948623858573
0.909240132137372
0.326320672708725
1.20655360912358
2.2561884108957
-1.53988350870619
-0.947516501280714
2.81602985349466
0.112623229613270
0.974418269906252
2.34989891579797
-0.024181509058383
3.69247493792814
0.314692956335551
2.33239178438573
1.26730463528411
2.19726719405607
2.40487320357969
-1.23659418336063
1.73133910295548
1.55031824788205
0.737443343472549
1.93839228744885
-0.894006609460413
0.461392496191953
0.507007717936794
1.08852073210368
-0.498075609450227
2.20199662002336
2.62812294663281
0.892318263903991
0.940864364882966
-0.330079987808697
0.300983449013739
3.2848736738096
-0.787447955421536
1.35831228029545
0.966139067276099
-0.56347275355556
1.3028410954495
-1.35820525424522
-0.181369996578892
-0.449227892510702
-0.475166306323027
-2.43932721153091
3.94118723512353
-2.74193066561018
0.0593640891493648
3.33923295882316
1.29596833508597
4.39689530411436
3.26985949746451
3.33781751644586
0.283737510705078
-0.90338286732844
0.774433299234329
0.787697595459232
0.56643144755854
